ISS (ZARYA)             
1 25544U 98067A   22180.19376499  .00009525  00000+0  17611-3 0  9990
2 25544  51.6445 277.1250 0004414 309.3507 144.4957 15.49759335347044
SIMPL                   
1 42983U 98067NF  22179.85364826  .00182905  25905-4  29025-3 0  9990
2 42983  51.6258 120.5628 0003373  56.7707 303.3627 16.03356840266764
AEROCUBE 12A            
1 43556U 18046C   22179.47365063  .00012918  00000+0  33184-3 0  9999
2 43556  51.6360 130.1306 0008298  74.3403 285.8496 15.39613481221017
AEROCUBE 12B            
1 43557U 18046D   22179.48943825  .00009364  00000+0  25960-3 0  9993
2 43557  51.6369 134.6669 0008305  71.6642 288.5245 15.37620895220906
LEMUR-2-VU              
1 43558U 18046E   22179.40918588  .00019105  00000+0  37490-3 0  9999
2 43558  51.6383 112.1302 0008876  80.3683 279.8307 15.47319369221245
LEMUR-2-ALEXANDER       
1 43559U 18046F   22179.81774317  .00023385  00000+0  44483-3 0  9990
2 43559  51.6374 108.1382 0009357  82.3541 277.8509 15.48077113221116
LEMUR-2-YUASA           
1 43560U 18046G   22179.83044289  .00021710  00000+0  42442-3 0  9995
2 43560  51.6383 110.4462 0009281  86.9286 273.2763 15.47334976221300
LEMUR-2-TOMHENDERSON    
1 43561U 18046H   22179.63475165  .00020784  00000+0  43300-3 0  9999
2 43561  51.6388 114.3468 0008533  90.5522 269.6442 15.45514944220796
ISS DEB (SEDA-AP)       
1 43870U 98067PU  22179.80253313  .00062848  00000+0  24597-3 0  9995
2 43870  51.6278 171.3933 0005346  12.3295 347.7839 15.86361871200739
ISS DEB                 
1 44303U 98067QA  22179.38229919  .00327622  59898-4  46455-3 0  9990
2 44303  51.6210 195.0206 0006492   8.3835 351.7284 16.05046251175656
RED-EYE 1 (PINOT)       
1 44364U 98067QJ  22179.47420418  .00205436  28302-4  44053-3 0  9990
2 44364  51.6266 198.0041 0006640 356.8489   3.2478 15.98088588171217
STPSAT-4                
1 45043U 98067QY  22179.56369739  .00054832  00000+0  32481-3 0  9997
2 45043  51.6331 239.3245 0004594 315.7243  44.3389 15.77501895137259
SORTIE                  
1 45264U 98067RH  22179.40894614  .00061371  00000+0  31482-3 0  9996
2 45264  51.6376 234.5892 0004290 316.4405  43.6258 15.80646713133974
ICS-EF (ISS DEB)        
1 45265U 98067RJ  22179.46339563  .00014885  00000+0  16686-3 0  9997
2 45265  51.6371 256.6796 0003923 254.8633 105.1928 15.62908683133366
RED-EYE 2 (MERLOT)      
1 45800U 98067RM  22179.60316795  .00032388  00000+0  25684-3 0  9996
2 45800  51.6375 247.1801 0003681 318.5609  41.5109 15.70974393115363
RED-EYE 3 (CABERNET)    
1 45809U 98067RN  22179.60589413  .00032312  00000+0  25694-3 0  9992
2 45809  51.6377 247.2014 0003426 312.5206  47.5502 15.70911280114341
ISS DEB                 
1 47853U 98067RZ  22179.65214437  .00005306  00000+0  88003-4 0  9996
2 47853  51.6417 274.5267 0002520  44.6785 315.4408 15.53911764 73657
TSURU                   
1 47927U 98067SD  22179.38613099  .00776719  34024-3  80023-3 0  9998
2 47927  51.6234 242.4894 0012400 349.7664  10.3096 16.09908863 73550
MAYA-2                  
1 47929U 98067SF  22179.46899254  .00686417  25305-3  80584-3 0  9997
2 47929  51.6231 242.2971 0012293 349.9228  10.1537 16.07892633 73521
GUARANISAT-1            
1 47931U 98067SH  22179.36867181  .00801405  36594-3  80984-3 0  9995
2 47931  51.6214 242.3773 0012321 350.0531  10.0238 16.10207967 73552
MMSATS-1                
1 47976U 98067SJ  22175.88838600  .00022547  00000+0  28543-3 0  9995
2 47976  51.6425 287.5930 0001026  19.9868 340.1165 15.59400158 71424
TIANHE                  
1 48274U 21035A   22179.91362903  .00012138  00000+0  14635-3 0  9996
2 48274  41.4699 147.6035 0003401 346.4905  46.9617 15.60600961 66600
ISS DEB                 
1 48833U 98067SK  22179.66747776  .00030372  00000+0  30028-3 0  9997
2 48833  51.6364 265.5632 0002811 357.8484   2.2499 15.65598373 60917
RAMSAT                  
1 48850U 98067SL  22179.79255283  .00047164  00000+0  35382-3 0  9992
2 48850  51.6357 259.6492 0002891   6.6365 353.4671 15.72119433 59118
BD-28                   
1 48867U 98067SN  22179.49518389  .00075920  00000+0  46547-3 0  9992
2 48867  51.6283 258.3443 0004221 337.6946  22.3869 15.76595614 57850
ISS (NAUKA)             
1 49044U 21066A   22179.56865741  .00860945  00000+0  14000-1 0  9996
2 49044  51.6437 280.2226 0005132 305.9476 258.0553 15.49866060346945
TIANZHOU-3              
1 49222U 21085A   22179.42045472  .00011960  00000+0  14434-3 0  9999
2 49222  41.4699 150.6043 0003395 343.0350 156.0767 15.60587936 66522
FREGAT DEB              
1 49271U 11037PF  22179.77594392 -.00006095  00000+0 -40471-1 0  9990
2 49271  51.6479 202.6734 0741445  63.8345 303.6812 11.87438866 48530
BINAR-1                 
1 49272U 98067SR  22179.61786211  .00059422  00000+0  44262-3 0  9999
2 49272  51.6334 264.4508 0007068 341.1977  18.8759 15.72164833 41429
MAYA-3                  
1 49273U 98067SS  22179.61989895  .00158572  00000+0  66024-3 0  9999
2 49273  51.6288 259.1583 0010742 344.3428  15.7242 15.84639808 41493
MAYA-4                  
1 49274U 98067ST  22179.46180157  .00149452  00000+0  65703-3 0  9997
2 49274  51.6319 260.3611 0009917 341.4963  18.5678 15.83538763 41467
CUAVA-1                 
1 49275U 98067SU  22179.77637909  .00136301  00000+0  78296-3 0  9994
2 49275  51.6338 260.7695 0008617 349.3156 107.3276 15.77780723 41438
CAPSAT                  
1 49276U 98067SV  22179.64334703  .00069952  00000+0  49235-3 0  9995
2 49276  51.6379 264.6483 0007495 345.5846  14.4938 15.73426601 40484
PR-CUNAR 2              
1 49277U 98067SW  22179.79802497  .00088069  00000+0  52068-3 0  9990
2 49277  51.6258 261.8219 0009023 345.1523  14.9211 15.77314719 40506
1998-067TD              
1 51441U 98067TD  22179.83893983  .00032067  00000+0  35042-3 0  9991
2 51441  51.6380 271.9591 0007974 292.4803  67.5347 15.62995567 23955
PATCOOL                 
1 51442U 98067TE  22179.62374373  .00035486  00000+0  38223-3 0  9998
2 51442  51.6366 272.7589 0008151 296.3748  63.6410 15.63311543 23882
DAILI                   
1 51443U 98067TF  22177.23829601  .18374243  12627-4  60969-3 0  9994
2 51443  51.6150 272.4043 0006764 342.6355  17.4440 16.44281731 23631
LIGHT-1                 
1 51509U 98067TG  22179.83739308  .00023632  00000+0  29229-3 0  9994
2 51509  51.6402 273.4578 0008609 282.9919  77.0113 15.59947658 22674
PROGRESS-MS 19          
1 51660U 22014A   22179.56865741  .00860945  00000+0  14000-1 0  9997
2 51660  51.6437 280.2226 0005132 305.9476 258.0553 15.49866060346942
CYGNUS NG-17            
1 51712U 22015A   22180.12053939 -.49855372  90607-5 -63028-2 0  9994
2 51712  51.6770 277.5327 0188598 303.6280 113.9417 16.00379266 20062
SOYUZ-MS 21             
1 52086U 22028A   22179.56865741  .00860945  00000+0  14000-1 0  9995
2 52086  51.6437 280.2226 0005132 305.9476 258.0553 15.49866060346945
IHI-SAT                 
1 52147U 98067TJ  22179.79351791  .00021832  00000+0  29790-3 0  9997
2 52147  51.6385 276.1497 0005564 325.9448  34.1187 15.57406897 15080
KITSUNE                 
1 52148U 98067TK  22175.83914563  .00027574  00000+0  40934-3 0  9993
2 52148  51.6428 296.8411 0004019 298.1380 136.4754 15.54980438 14398
CREW DRAGON 4           
1 52318U 22042A   22179.56865741  .00860945  00000+0  14000-1 0  9999
2 52318  51.6437 280.2226 0005132 305.9476 258.0553 15.49866060346943
ISS DEB                 
1 52329U 98067TM  22173.45634771  .00573414  00000+0  30562-2 0  9994
2 52329  51.6344 305.7091 0018397 301.5233 108.1158 15.78077756  8573
TIANZHOU-4              
1 52509U 22050A   22179.42045472  .00011960  00000+0  14434-3 0  9994
2 52509  41.4699 150.6043 0003395 343.0350 156.0767 15.60587936 66524
PROGRESS-MS 20          
1 52795U 22059A   22179.56865741  .00860945  00000+0  14000-1 0  9996
2 52795  51.6437 280.2226 0005132 305.9476 258.0553 15.49866060346942
SHENZHOU 14             
1 52797U 22060A   22179.42045472  .00011960  00000+0  14434-3 0  9994
2 52797  41.4699 150.6043 0003395 343.0350 156.0767 15.60587936 66523
